O 1001 1 ABC 1 5
P 1001 2 2
O 1002 3 DEFG 2 2	
P 1002 4 32
O 1002 5 ABC 4 5
P 1002 6 32
O 1002 7 FDGH 3 4
P 1002 8 354
O 1003 9 TOM 6 7	 
P 1003 10 857
O 1003 11 AB 5 4
P 1003 12 538
O 1003 13 ABCDH 7 4
P 1003 14 54
P 1003 15 57
P 1004 16 43	
O 1004 17 IEO 4 3	
P 1004 18 32
O 1004 19 ABC 5 5
P 1004 20 3245
O 1004 21 IEOW 5 2	
P 1005 22 43
P 1005 23 3	
P 1005 24 45
O 1005 25 ABBF 3 10
P 1005 26 678
O 1006 27 FJG 54 6
P 1006 28 567
P 1006 29 3
P 1006 30 345
P 1006 31 234
O 1006 32 APP 34 2
O 1007 33 ABCDF 5 43
P 1007 34 67
P 1007 35 70
P 1007 36 230
O 1007 37 AB 45 10	
O 1007 38 ANH 10 24
P 1007 39 678
